0 0.00243469446883
0.001 0.00486739109616
0.002 0.00729809103952
0.003 0.00972679545639
0.004 0.0121535055043
0.005 0.0145782223407
0.006 0.0170009471232
0.007 0.0194216810092
0.008 0.0218404251562
0.009 0.0242571807217
0.01 0.0266719488633
0.011 0.0290847307384
0.012 0.0314955275044
0.013 0.0339043403189
0.014 0.0363111703393
0.015 0.0387160187232
0.016 0.0411188866278
0.017 0.0435197752108
0.018 0.0459186856296
0.019 0.0483156190415
0.02 0.0507105766041
0.021 0.0531035594748
0.022 0.0554945688109
0.023 0.0578836057699
0.024 0.0602706715092
0.025 0.0626557671862
0.026 0.0650388939583
0.027 0.0674200529827
0.028 0.069799245417
0.029 0.0721764724184
0.03 0.0745517351443
0.031 0.0769250347519
0.032 0.0792963723987
0.033 0.0816657492419
0.034 0.0840331664388
0.035 0.0863986251467
0.036 0.0887621265229
0.037 0.0911236717245
0.038 0.0934832619088
0.039 0.0958408982331
0.04 0.0981965818546
0.041 0.10055031393
0.042 0.102902095618
0.043 0.105251928074
0.044 0.107599812455
0.045 0.10994574992
0.046 0.112289741625
0.047 0.114631788726
0.048 0.116971892382
0.049 0.119310053749
0.05 0.121646273985
0.051 0.123980554246
0.052 0.126312895688
0.053 0.128643299471
0.054 0.130971766749
0.055 0.13329829868
0.056 0.135622896422
0.057 0.13794556113
0.058 0.140266293962
0.059 0.142585096075
0.06 0.144901968625
0.061 0.147216912769
0.062 0.149529929664
0.063 0.151841020467
0.064 0.154150186335
0.065 0.156457428423
0.066 0.15876274789
0.067 0.16106614589
0.068 0.163367623582
0.069 0.165667182122
0.07 0.167964822666
0.071 0.17026054637
0.072 0.172554354392
0.073 0.174846247887
0.074 0.177136228013
0.075 0.179424295925
0.076 0.181710452781
0.077 0.183994699735
0.078 0.186277037946
0.079 0.188557468568
0.08 0.190835992759
0.081 0.193112611675
0.082 0.195387326471
0.083 0.197660138304
0.084 0.19993104833
0.085 0.202200057706
0.086 0.204467167586
0.087 0.206732379128
0.088 0.208995693488
0.089 0.21125711182
0.09 0.213516635282
0.091 0.215774265029
0.092 0.218030002218
0.093 0.220283848003
0.094 0.222535803541
0.095 0.224785869987
0.096 0.227034048497
0.097 0.229280340228
0.098 0.231524746334
0.099 0.233767267971
0.1 0.236007906295
0.101 0.238246662461
0.102 0.240483537625
0.103 0.242718532942
0.104 0.244951649568
0.105 0.247182888658
0.106 0.249412251367
0.107 0.251639738851
0.108 0.253865352265
0.109 0.256089092763
0.11 0.258310961503
0.111 0.260530959637
0.112 0.262749088323
0.113 0.264965348713
0.114 0.267179741965
0.115 0.269392269232
0.116 0.271602931669
0.117 0.273811730432
0.118 0.276018666674
0.119 0.278223741552
0.12 0.280426956219
0.121 0.282628311831
0.122 0.284827809541
0.123 0.287025450505
0.124 0.289221235877
0.125 0.291415166812
0.126 0.293607244463
0.127 0.295797469986
0.128 0.297985844535
0.129 0.300172369263
0.13 0.302357045326
0.131 0.304539873877
0.132 0.306720856071
0.133 0.308899993061
0.134 0.311077286003
0.135 0.313252736049
0.136 0.315426344353
0.137 0.31759811207
0.138 0.319768040353
0.139 0.321936130357
0.14 0.324102383234
0.141 0.326266800139
0.142 0.328429382225
0.143 0.330590130646
0.144 0.332749046554
0.145 0.334906131105
0.146 0.33706138545
0.147 0.339214810744
0.148 0.341366408139
0.149 0.34351617879
0.15 0.345664123848
0.151 0.347810244467
0.152 0.349954541801
0.153 0.352097017001
0.154 0.354237671222
0.155 0.356376505616
0.156 0.358513521335
0.157 0.360648719533
0.158 0.362782101362
0.159 0.364913667975
0.16 0.367043420524
0.161 0.369171360162
0.162 0.371297488041
0.163 0.373421805314
0.164 0.375544313133
0.165 0.37766501265
0.166 0.379783905018
0.167 0.381900991388
0.168 0.384016272913
0.169 0.386129750745
0.17 0.388241426035
0.171 0.390351299935
0.172 0.392459373598
0.173 0.394565648174
0.174 0.396670124816
0.175 0.398772804675
0.176 0.400873688904
0.177 0.402972778652
0.178 0.405070075071
0.179 0.407165579314
0.18 0.409259292531
0.181 0.411351215873
0.182 0.413441350491
0.183 0.415529697537
0.184 0.417616258162
0.185 0.419701033516
0.186 0.42178402475
0.187 0.423865233015
0.188 0.425944659461
0.189 0.42802230524
0.19 0.430098171502
0.191 0.432172259397
0.192 0.434244570076
0.193 0.436315104689
0.194 0.438383864386
0.195 0.440450850317
0.196 0.442516063633
0.197 0.444579505484
0.198 0.446641177019
0.199 0.448701079388
0.2 0.450759213742
0.201 0.452815581229
0.202 0.454870183
0.203 0.456923020204
0.204 0.458974093991
0.205 0.461023405509
0.206 0.463070955909
0.207 0.46511674634
0.208 0.46716077795
0.209 0.469203051889
0.21 0.471243569306
0.211 0.47328233135
0.212 0.475319339169
0.213 0.477354593913
0.214 0.47938809673
0.215 0.481419848768
0.216 0.483449851177
0.217 0.485478105104
0.218 0.487504611699
0.219 0.489529372108
0.22 0.491552387481
0.221 0.493573658966
0.222 0.49559318771
0.223 0.497610974862
0.224 0.499627021569
0.225 0.501641328979
0.226 0.50365389824
0.227 0.505664730499
0.228 0.507673826904
0.229 0.509681188603
0.23 0.511686816742
0.231 0.513690712469
0.232 0.515692876932
0.233 0.517693311276
0.234 0.519692016649
0.235 0.521688994198
0.236 0.52368424507
0.237 0.525677770412
0.238 0.52766957137
0.239 0.52965964909
0.24 0.531648004719
0.241 0.533634639404
0.242 0.53561955429
0.243 0.537602750524
0.244 0.539584229252
0.245 0.541563991619
0.246 0.543542038773
0.247 0.545518371858
0.248 0.54749299202
0.249 0.549465900405
0.25 0.551437098158
0.251 0.553406586425
0.252 0.555374366351
0.253 0.557340439081
0.254 0.55930480576
0.255 0.561267467534
0.256 0.563228425547
0.257 0.565187680944
0.258 0.56714523487
0.259 0.569101088469
0.26 0.571055242887
0.261 0.573007699266
0.262 0.574958458753
0.263 0.576907522491
0.264 0.578854891623
0.265 0.580800567295
0.266 0.58274455065
0.267 0.584686842832
0.268 0.586627444985
0.269 0.588566358252
0.27 0.590503583777
0.271 0.592439122703
0.272 0.594372976173
0.273 0.596305145332
0.274 0.598235631321
0.275 0.600164435285
0.276 0.602091558365
0.277 0.604017001705
0.278 0.605940766447
0.279 0.607862853734
0.28 0.609783264709
0.281 0.611702000513
0.282 0.61361906229
0.283 0.615534451181
0.284 0.617448168328
0.285 0.619360214873
0.286 0.621270591959
0.287 0.623179300727
0.288 0.625086342318
0.289 0.626991717874
0.29 0.628895428536
0.291 0.630797475447
0.292 0.632697859746
0.293 0.634596582575
0.294 0.636493645076
0.295 0.638389048388
0.296 0.640282793653
0.297 0.642174882011
0.298 0.644065314603
0.299 0.645954092569
0.3 0.64784121705
0.301 0.649726689186
0.302 0.651610510116
0.303 0.653492680981
0.304 0.655373202921
0.305 0.657252077075
0.306 0.659129304583
0.307 0.661004886584
0.308 0.662878824219
0.309 0.664751118625
0.31 0.666621770943
0.311 0.668490782311
0.312 0.670358153869
0.313 0.672223886754
0.314 0.674087982107
0.315 0.675950441065
0.316 0.677811264766
0.317 0.67967045435
0.318 0.681528010954
0.319 0.683383935716
0.32 0.685238229776
0.321 0.687090894269
0.322 0.688941930334
0.323 0.690791339109
0.324 0.692639121732
0.325 0.694485279338
0.326 0.696329813067
0.327 0.698172724055
0.328 0.700014013438
0.329 0.701853682354
0.33 0.70369173194
0.331 0.705528163333
0.332 0.707362977668
0.333 0.709196176082
0.334 0.711027759711
0.335 0.712857729693
0.336 0.714686087161
0.337 0.716512833254
0.338 0.718337969105
0.339 0.720161495852
0.34 0.721983414629
0.341 0.723803726572
0.342 0.725622432816
0.343 0.727439534496
0.344 0.729255032747
0.345 0.731068928705
0.346 0.732881223503
0.347 0.734691918277
0.348 0.736501014161
0.349 0.73830851229
0.35 0.740114413797
0.351 0.741918719816
0.352 0.743721431483
0.353 0.74552254993
0.354 0.747322076291
0.355 0.7491200117
0.356 0.75091635729
0.357 0.752711114195
0.358 0.754504283548
0.359 0.756295866482
0.36 0.758085864129
0.361 0.759874277623
0.362 0.761661108097
0.363 0.763446356682
0.364 0.765230024511
0.365 0.767012112716
0.366 0.768792622431
0.367 0.770571554785
0.368 0.772348910912
0.369 0.774124691943
0.37 0.77589889901
0.371 0.777671533244
0.372 0.779442595776
0.373 0.781212087737
0.374 0.78298001026
0.375 0.784746364473
0.376 0.786511151509
0.377 0.788274372498
0.378 0.79003602857
0.379 0.791796120856
0.38 0.793554650485
0.381 0.795311618589
0.382 0.797067026296
0.383 0.798820874736
0.384 0.800573165041
0.385 0.802323898337
0.386 0.804073075756
0.387 0.805820698426
0.388 0.807566767476
0.389 0.809311284036
0.39 0.811054249233
0.391 0.812795664198
0.392 0.814535530057
0.393 0.81627384794
0.394 0.818010618975
0.395 0.819745844289
0.396 0.821479525011
0.397 0.823211662269
0.398 0.82494225719
0.399 0.826671310901
0.4 0.828398824531
0.401 0.830124799205
0.402 0.831849236052
0.403 0.833572136198
0.404 0.835293500769
0.405 0.837013330893
0.406 0.838731627696
0.407 0.840448392304
0.408 0.842163625844
0.409 0.843877329441
0.41 0.845589504221
0.411 0.84730015131
0.412 0.849009271833
0.413 0.850716866916
0.414 0.852422937685
0.415 0.854127485264
0.416 0.855830510778
0.417 0.857532015352
0.418 0.859232000111
0.419 0.860930466179
0.42 0.862627414681
0.421 0.86432284674
0.422 0.866016763482
0.423 0.867709166029
0.424 0.869400055505
0.425 0.871089433035
0.426 0.872777299741
0.427 0.874463656746
0.428 0.876148505175
0.429 0.877831846149
0.43 0.879513680793
0.431 0.881194010227
0.432 0.882872835576
0.433 0.88455015796
0.434 0.886225978503
0.435 0.887900298326
0.436 0.889573118552
0.437 0.891244440302
0.438 0.892914264697
0.439 0.894582592859
0.44 0.89624942591
0.441 0.897914764969
0.442 0.89957861116
0.443 0.901240965601
0.444 0.902901829413
0.445 0.904561203718
0.446 0.906219089635
0.447 0.907875488285
0.448 0.909530400787
0.449 0.911183828261
0.45 0.912835771827
0.451 0.914486232605
0.452 0.916135211713
0.453 0.917782710272
0.454 0.919428729399
0.455 0.921073270214
0.456 0.922716333835
0.457 0.924357921381
0.458 0.925998033971
0.459 0.927636672722
0.46 0.929273838752
0.461 0.93090953318
0.462 0.932543757123
0.463 0.934176511698
0.464 0.935807798023
0.465 0.937437617215
0.466 0.939065970392
0.467 0.940692858669
0.468 0.942318283164
0.469 0.943942244993
0.47 0.945564745273
0.471 0.947185785119
0.472 0.948805365648
0.473 0.950423487976
0.474 0.952040153218
0.475 0.95365536249
0.476 0.955269116908
0.477 0.956881417585
0.478 0.958492265638
0.479 0.960101662181
0.48 0.961709608329
0.481 0.963316105197
0.482 0.964921153898
0.483 0.966524755547
0.484 0.968126911258
0.485 0.969727622145
0.486 0.971326889321
0.487 0.972924713899
0.488 0.974521096994
0.489 0.976116039719
0.49 0.977709543185
0.491 0.979301608507
0.492 0.980892236796
0.493 0.982481429165
0.494 0.984069186726
0.495 0.985655510592
0.496 0.987240401874
0.497 0.988823861684
0.498 0.990405891134
0.499 0.991986491335
0.5 0.993565663398
0.501 0.995143408434
0.502 0.996719727555
0.503 0.99829462187
0.504 0.999868092491
0.505 1.00144014053
0.506 1.00301076709
0.507 1.00457997329
0.508 1.00614776023
0.509 1.00771412903
0.51 1.00927908079
0.511 1.01084261663
0.512 1.01240473765
0.513 1.01396544496
0.514 1.01552473967
0.515 1.0170826229
0.516 1.01863909574
0.517 1.0201941593
0.518 1.0217478147
0.519 1.02330006304
0.52 1.02485090543
0.521 1.02640034298
0.522 1.02794837679
0.523 1.02949500797
0.524 1.03104023763
0.525 1.03258406687
0.526 1.03412649681
0.527 1.03566752854
0.528 1.03720716317
0.529 1.03874540182
0.53 1.04028224558
0.531 1.04181769557
0.532 1.04335175288
0.533 1.04488441862
0.534 1.0464156939
0.535 1.04794557982
0.536 1.04947407748
0.537 1.051001188
0.538 1.05252691248
0.539 1.05405125201
0.54 1.05557420771
0.541 1.05709578067
0.542 1.05861597201
0.543 1.06013478282
0.544 1.06165221421
0.545 1.06316826728
0.546 1.06468294313
0.547 1.06619624287
0.548 1.06770816759
0.549 1.06921871841
0.55 1.07072789642
0.551 1.07223570273
0.552 1.07374213843
0.553 1.07524720463
0.554 1.07675090243
0.555 1.07825323293
0.556 1.07975419724
0.557 1.08125379644
0.558 1.08275203165
0.559 1.08424890396
0.56 1.08574441447
0.561 1.08723856429
0.562 1.08873135451
0.563 1.09022278623
0.564 1.09171286056
0.565 1.09320157859
0.566 1.09468894142
0.567 1.09617495014
0.568 1.09765960587
0.569 1.09914290969
0.57 1.10062486271
0.571 1.10210546602
0.572 1.10358472072
0.573 1.1050626279
0.574 1.10653918868
0.575 1.10801440414
0.576 1.10948827537
0.577 1.11096080349
0.578 1.11243198958
0.579 1.11390183473
0.58 1.11537034006
0.581 1.11683750665
0.582 1.11830333559
0.583 1.11976782799
0.584 1.12123098495
0.585 1.12269280754
0.586 1.12415329688
0.587 1.12561245405
0.588 1.12707028015
0.589 1.12852677628
0.59 1.12998194352
0.591 1.13143578298
0.592 1.13288829574
0.593 1.13433948291
0.594 1.13578934557
0.595 1.13723788481
0.596 1.13868510174
0.597 1.14013099744
0.598 1.14157557301
0.599 1.14301882953
0.6 1.14446076811
0.601 1.14590138983
0.602 1.14734069578
0.603 1.14877868707
0.604 1.15021536477
0.605 1.15165072998
0.606 1.15308478379
0.607 1.15451752729
0.608 1.15594896158
0.609 1.15737908773
0.61 1.15880790686
0.611 1.16023542003
0.612 1.16166162835
0.613 1.1630865329
0.614 1.16451013477
0.615 1.16593243506
0.616 1.16735343485
0.617 1.16877313522
0.618 1.17019153728
0.619 1.1716086421
0.62 1.17302445077
0.621 1.17443896439
0.622 1.17585218404
0.623 1.17726411081
0.624 1.17867474579
0.625 1.18008409006
0.626 1.18149214471
0.627 1.18289891082
0.628 1.18430438949
0.629 1.1857085818
0.63 1.18711148884
0.631 1.18851311169
0.632 1.18991345144
0.633 1.19131250917
0.634 1.19271028597
0.635 1.19410678292
0.636 1.19550200112
0.637 1.19689594164
0.638 1.19828860556
0.639 1.19967999398
0.64 1.20107010798
0.641 1.20245894863
0.642 1.20384651703
0.643 1.20523281426
0.644 1.2066178414
0.645 1.20800159954
0.646 1.20938408975
0.647 1.21076531312
0.648 1.21214527073
0.649 1.21352396367
0.65 1.21490139301
0.651 1.21627755984
0.652 1.21765246524
0.653 1.2190261103
0.654 1.22039849608
0.655 1.22176962368
0.656 1.22313949417
0.657 1.22450810864
0.658 1.22587546816
0.659 1.22724157381
0.66 1.22860642668
0.661 1.22997002785
0.662 1.23133237839
0.663 1.23269347938
0.664 1.2340533319
0.665 1.23541193703
0.666 1.23676929585
0.667 1.23812540944
0.668 1.23948027888
0.669 1.24083390524
0.67 1.2421862896
0.671 1.24353743304
0.672 1.24488733664
0.673 1.24623600147
0.674 1.2475834286
0.675 1.24892961913
0.676 1.25027457412
0.677 1.25161829465
0.678 1.25296078179
0.679 1.25430203663
0.68 1.25564206023
0.681 1.25698085367
0.682 1.25831841803
0.683 1.25965475439
0.684 1.26098986381
0.685 1.26232374737
0.686 1.26365640614
0.687 1.26498784121
0.688 1.26631805364
0.689 1.2676470445
0.69 1.26897481488
0.691 1.27030136583
0.692 1.27162669845
0.693 1.27295081379
0.694 1.27427371294
0.695 1.27559539695
0.696 1.27691586692
0.697 1.2782351239
0.698 1.27955316897
0.699 1.2808700032
0.7 1.28218562766
0.701 1.28350004342
0.702 1.28481325156
0.703 1.28612525314
0.704 1.28743604924
0.705 1.28874564092
0.706 1.29005402925
0.707 1.29136121531
0.708 1.29266720015
0.709 1.29397198486
0.71 1.29527557051
0.711 1.29657795815
0.712 1.29787914885
0.713 1.2991791437
0.714 1.30047794375
0.715 1.30177555007
0.716 1.30307196373
0.717 1.3043671858
0.718 1.30566121734
0.719 1.30695405942
0.72 1.30824571311
0.721 1.30953617948
0.722 1.31082545958
0.723 1.3121135545
0.724 1.31340046528
0.725 1.314686193
0.726 1.31597073873
0.727 1.31725410352
0.728 1.31853628844
0.729 1.31981729457
0.73 1.32109712295
0.731 1.32237577467
0.732 1.32365325077
0.733 1.32492955232
0.734 1.3262046804
0.735 1.32747863605
0.736 1.32875142035
0.737 1.33002303436
0.738 1.33129347913
0.739 1.33256275574
0.74 1.33383086524
0.741 1.33509780869
0.742 1.33636358717
0.743 1.33762820172
0.744 1.33889165341
0.745 1.34015394331
0.746 1.34141507246
0.747 1.34267504194
0.748 1.3439338528
0.749 1.34519150611
0.75 1.34644800291
0.751 1.34770334428
0.752 1.34895753128
0.753 1.35021056495
0.754 1.35146244636
0.755 1.35271317657
0.756 1.35396275664
0.757 1.35521118762
0.758 1.35645847058
0.759 1.35770460657
0.76 1.35894959664
0.761 1.36019344187
0.762 1.36143614329
0.763 1.36267770198
0.764 1.36391811898
0.765 1.36515739535
0.766 1.36639553216
0.767 1.36763253045
0.768 1.36886839128
0.769 1.37010311571
0.77 1.37133670478
0.771 1.37256915957
0.772 1.37380048111
0.773 1.37503067048
0.774 1.37625972871
0.775 1.37748765686
0.776 1.378714456
0.777 1.37994012716
0.778 1.38116467142
0.779 1.3823880898
0.78 1.38361038338
0.781 1.38483155321
0.782 1.38605160033
0.783 1.3872705258
0.784 1.38848833066
0.785 1.38970501599
0.786 1.39092058281
0.787 1.39213503219
0.788 1.39334836517
0.789 1.39456058281
0.79 1.39577168616
0.791 1.39698167627
0.792 1.39819055418
0.793 1.39939832095
0.794 1.40060497763
0.795 1.40181052526
0.796 1.4030149649
0.797 1.4042182976
0.798 1.40542052439
0.799 1.40662164634
0.8 1.40782166449
0.801 1.40902057989
0.802 1.41021839358
0.803 1.41141510661
0.804 1.41261072004
0.805 1.4138052349
0.806 1.41499865225
0.807 1.41619097312
0.808 1.41738219857
0.809 1.41857232965
0.81 1.41976136739
0.811 1.42094931285
0.812 1.42213616707
0.813 1.42332193109
0.814 1.42450660596
0.815 1.42569019273
0.816 1.42687269244
0.817 1.42805410612
0.818 1.42923443484
0.819 1.43041367962
0.82 1.43159184152
0.821 1.43276892158
0.822 1.43394492083
0.823 1.43511984033
0.824 1.43629368111
0.825 1.43746644422
0.826 1.4386381307
0.827 1.43980874159
0.828 1.44097827794
0.829 1.44214674077
0.83 1.44331413115
0.831 1.4444804501
0.832 1.44564569866
0.833 1.44680987788
0.834 1.4479729888
0.835 1.44913503245
0.836 1.45029600989
0.837 1.45145592213
0.838 1.45261477023
0.839 1.45377255523
0.84 1.45492927816
0.841 1.45608494005
0.842 1.45723954196
0.843 1.45839308491
0.844 1.45954556995
0.845 1.46069699811
0.846 1.46184737043
0.847 1.46299668794
0.848 1.46414495169
0.849 1.46529216271
0.85 1.46643832203
0.851 1.46758343069
0.852 1.46872748973
0.853 1.46987050019
0.854 1.47101246309
0.855 1.47215337947
0.856 1.47329325037
0.857 1.47443207682
0.858 1.47556985986
0.859 1.47670660052
0.86 1.47784229984
0.861 1.47897695884
0.862 1.48011057857
0.863 1.48124316004
0.864 1.48237470431
0.865 1.48350521239
0.866 1.48463468533
0.867 1.48576312415
0.868 1.48689052989
0.869 1.48801690357
0.87 1.48914224624
0.871 1.49026655891
0.872 1.49138984263
0.873 1.49251209841
0.874 1.4936333273
0.875 1.49475353032
0.876 1.4958727085
0.877 1.49699086288
0.878 1.49810799447
0.879 1.49922410432
0.88 1.50033919345
0.881 1.50145326288
0.882 1.50256631365
0.883 1.50367834678
0.884 1.50478936331
0.885 1.50589936426
0.886 1.50700835065
0.887 1.50811632352
0.888 1.50922328389
0.889 1.51032923279
0.89 1.51143417125
0.891 1.51253810029
0.892 1.51364102093
0.893 1.51474293421
0.894 1.51584384114
0.895 1.51694374276
0.896 1.51804264009
0.897 1.51914053415
0.898 1.52023742598
0.899 1.52133331658
0.9 1.52242820699
0.901 1.52352209823
0.902 1.52461499132
0.903 1.52570688729
0.904 1.52679778716
0.905 1.52788769196
0.906 1.5289766027
0.907 1.5300645204
0.908 1.5311514461
0.909 1.53223738081
0.91 1.53332232555
0.911 1.53440628135
0.912 1.53548924922
0.913 1.53657123019
0.914 1.53765222527
0.915 1.5387322355
0.916 1.53981126188
0.917 1.54088930544
0.918 1.54196636719
0.919 1.54304244816
0.92 1.54411754937
0.921 1.54519167183
0.922 1.54626481656
0.923 1.54733698459
0.924 1.54840817692
0.925 1.54947839458
0.926 1.55054763859
0.927 1.55161590996
0.928 1.55268320971
0.929 1.55374953885
0.93 1.55481489841
0.931 1.55587928939
0.932 1.55694271282
0.933 1.55800516972
0.934 1.55906666109
0.935 1.56012718795
0.936 1.56118675132
0.937 1.56224535221
0.938 1.56330299164
0.939 1.56435967062
0.94 1.56541539016
0.941 1.56647015129
0.942 1.567523955
0.943 1.56857680233
0.944 1.56962869427
0.945 1.57067963185
0.946 1.57172961607
0.947 1.57277864795
0.948 1.5738267285
0.949 1.57487385873
0.95 1.57592003966
0.951 1.57696527229
0.952 1.57800955763
0.953 1.57905289671
0.954 1.58009529052
0.955 1.58113674008
0.956 1.58217724639
0.957 1.58321681048
0.958 1.58425543334
0.959 1.58529311599
0.96 1.58632985944
0.961 1.5873656647
0.962 1.58840053276
0.963 1.58943446465
0.964 1.59046746137
0.965 1.59149952393
0.966 1.59253065334
0.967 1.5935608506
0.968 1.59459011672
0.969 1.59561845271
0.97 1.59664585958
0.971 1.59767233832
0.972 1.59869788996
0.973 1.59972251549
0.974 1.60074621591
0.975 1.60176899224
0.976 1.60279084549
0.977 1.60381177664
0.978 1.60483178672
0.979 1.60585087672
0.98 1.60686904765
0.981 1.60788630051
0.982 1.60890263631
0.983 1.60991805604
0.984 1.61093256072
0.985 1.61194615135
0.986 1.61295882892
0.987 1.61397059444
0.988 1.61498144892
0.989 1.61599139336
0.99 1.61700042875
0.991 1.61800855609
0.992 1.6190157764
0.993 1.62002209067
0.994 1.6210274999
0.995 1.62203200509
0.996 1.62303560725
0.997 1.62403830736
0.998 1.62504010644
0.999 1.62604100548
