0 0
0.001 9.99004995e-05
0.002 0.000199600998
0.003 0.0002991014955
0.004 0.000398401992
0.005 0.0004975024875
0.006 0.000596402982
0.007 0.0006951034755
0.008 0.000793603968
0.009 0.0008919044595
0.01 0.00099000495
0.011 0.0010879054395
0.012 0.001185605928
0.013 0.0012831064155
0.014 0.001380406902
0.015 0.0014775073875
0.016 0.001574407872
0.017 0.0016711083555
0.018 0.001767608838
0.019 0.0018639093195
0.02 0.0019600098
0.021 0.0020559102795
0.022 0.002151610758
0.023 0.0022471112355
0.024 0.002342411712
0.025 0.0024375121875
0.026 0.002532412662
0.027 0.0026271131355
0.028 0.002721613608
0.029 0.0028159140795
0.03 0.00291001455
0.031 0.0030039150195
0.032 0.003097615488
0.033 0.0031911159555
0.034 0.003284416422
0.035 0.0033775168875
0.036 0.003470417352
0.037 0.0035631178155
0.038 0.003655618278
0.039 0.0037479187395
0.04 0.0038400192
0.041 0.0039319196595
0.042 0.004023620118
0.043 0.0041151205755
0.044 0.004206421032
0.045 0.0042975214875
0.046 0.004388421942
0.047 0.0044791223955
0.048 0.004569622848
0.049 0.0046599232995
0.05 0.00475002375
0.051 0.0048399241995
0.052 0.004929624648
0.053 0.0050191250955
0.054 0.005108425542
0.055 0.0051975259875
0.056 0.005286426432
0.057 0.0053751268755
0.058 0.005463627318
0.059 0.0055519277595
0.06 0.0056400282
0.061 0.0057279286395
0.062 0.005815629078
0.063 0.0059031295155
0.064 0.005990429952
0.065 0.0060775303875
0.066 0.006164430822
0.067 0.0062511312555
0.068 0.006337631688
0.069 0.0064239321195
0.07 0.00651003255
0.071 0.0065959329795
0.072 0.006681633408
0.073 0.0067671338355
0.074 0.006852434262
0.075 0.0069375346875
0.076 0.007022435112
0.077 0.0071071355355
0.078 0.007191635958
0.079 0.0072759363795
0.08 0.0073600368
0.081 0.0074439372195
0.082 0.007527637638
0.083 0.0076111380555
0.084 0.007694438472
0.085 0.0077775388875
0.086 0.007860439302
0.087 0.0079431397155
0.088 0.008025640128
0.089 0.0081079405395
0.09 0.00819004095
0.091 0.0082719413595
0.092 0.008353641768
0.093 0.0084351421755
0.094 0.008516442582
0.095 0.0085975429875
0.096 0.008678443392
0.097 0.0087591437955
0.098 0.008839644198
0.099 0.0089199445995
0.1 0.009000045
0.101 0.0090799453995
0.102 0.009159645798
0.103 0.0092391461955
0.104 0.009318446592
0.105 0.0093975469875
0.106 0.009476447382
0.107 0.0095551477755
0.108 0.009633648168
0.109 0.0097119485595
0.11 0.00979004895
0.111 0.0098679493395
0.112 0.009945649728
0.113 0.0100231501155
0.114 0.010100450502
0.115 0.0101775508875
0.116 0.010254451272
0.117 0.0103311516555
0.118 0.010407652038
0.119 0.0104839524195
0.12 0.0105600528
0.121 0.0106359531795
0.122 0.010711653558
0.123 0.0107871539355
0.124 0.010862454312
0.125 0.0109375546875
0.126 0.011012455062
0.127 0.0110871554355
0.128 0.011161655808
0.129 0.0112359561795
0.13 0.01131005655
0.131 0.0113839569195
0.132 0.011457657288
0.133 0.0115311576555
0.134 0.011604458022
0.135 0.0116775583875
0.136 0.011750458752
0.137 0.0118231591155
0.138 0.011895659478
0.139 0.0119679598395
0.14 0.0120400602
0.141 0.0121119605595
0.142 0.012183660918
0.143 0.0122551612755
0.144 0.012326461632
0.145 0.0123975619875
0.146 0.012468462342
0.147 0.0125391626955
0.148 0.012609663048
0.149 0.0126799633995
0.15 0.01275006375
0.151 0.0128199640995
0.152 0.012889664448
0.153 0.0129591647955
0.154 0.013028465142
0.155 0.0130975654875
0.156 0.013166465832
0.157 0.0132351661755
0.158 0.013303666518
0.159 0.0133719668595
0.16 0.0134400672
0.161 0.0135079675395
0.162 0.013575667878
0.163 0.0136431682155
0.164 0.013710468552
0.165 0.0137775688875
0.166 0.013844469222
0.167 0.0139111695555
0.168 0.013977669888
0.169 0.0140439702195
0.17 0.01411007055
0.171 0.0141759708795
0.172 0.014241671208
0.173 0.0143071715355
0.174 0.014372471862
0.175 0.0144375721875
0.176 0.014502472512
0.177 0.0145671728355
0.178 0.014631673158
0.179 0.0146959734795
0.18 0.0147600738
0.181 0.0148239741195
0.182 0.014887674438
0.183 0.0149511747555
0.184 0.015014475072
0.185 0.0150775753875
0.186 0.015140475702
0.187 0.0152031760155
0.188 0.015265676328
0.189 0.0153279766395
0.19 0.01539007695
0.191 0.0154519772595
0.192 0.015513677568
0.193 0.0155751778755
0.194 0.015636478182
0.195 0.0156975784875
0.196 0.015758478792
0.197 0.0158191790955
0.198 0.015879679398
0.199 0.0159399796995
0.2 0.01600008
0.201 0.0160599802995
0.202 0.016119680598
0.203 0.0161791808955
0.204 0.016238481192
0.205 0.0162975814875
0.206 0.016356481782
0.207 0.0164151820755
0.208 0.016473682368
0.209 0.0165319826595
0.21 0.01659008295
0.211 0.0166479832395
0.212 0.016705683528
0.213 0.0167631838155
0.214 0.016820484102
0.215 0.0168775843875
0.216 0.016934484672
0.217 0.0169911849555
0.218 0.017047685238
0.219 0.0171039855195
0.22 0.0171600858
0.221 0.0172159860795
0.222 0.017271686358
0.223 0.0173271866355
0.224 0.017382486912
0.225 0.0174375871875
0.226 0.017492487462
0.227 0.0175471877355
0.228 0.017601688008
0.229 0.0176559882795
0.23 0.01771008855
0.231 0.0177639888195
0.232 0.017817689088
0.233 0.0178711893555
0.234 0.017924489622
0.235 0.0179775898875
0.236 0.018030490152
0.237 0.0180831904155
0.238 0.018135690678
0.239 0.0181879909395
0.24 0.0182400912
0.241 0.0182919914595
0.242 0.018343691718
0.243 0.0183951919755
0.244 0.018446492232
0.245 0.0184975924875
0.246 0.018548492742
0.247 0.0185991929955
0.248 0.018649693248
0.249 0.0186999934995
0.25 0.01875009375
0.251 0.0187999939995
0.252 0.018849694248
0.253 0.0188991944955
0.254 0.018948494742
0.255 0.0189975949875
0.256 0.019046495232
0.257 0.0190951954755
0.258 0.019143695718
0.259 0.0191919959595
0.26 0.0192400962
0.261 0.0192879964395
0.262 0.019335696678
0.263 0.0193831969155
0.264 0.019430497152
0.265 0.0194775973875
0.266 0.019524497622
0.267 0.0195711978555
0.268 0.019617698088
0.269 0.0196639983195
0.27 0.01971009855
0.271 0.0197559987795
0.272 0.019801699008
0.273 0.0198471992355
0.274 0.019892499462
0.275 0.0199375996875
0.276 0.019982499912
0.277 0.0200272001355
0.278 0.020071700358
0.279 0.0201160005795
0.28 0.0201601008
0.281 0.0202040010195
0.282 0.020247701238
0.283 0.0202912014555
0.284 0.020334501672
0.285 0.0203776018875
0.286 0.020420502102
0.287 0.0204632023155
0.288 0.020505702528
0.289 0.0205480027395
0.29 0.02059010295
0.291 0.0206320031595
0.292 0.020673703368
0.293 0.0207152035755
0.294 0.020756503782
0.295 0.0207976039875
0.296 0.020838504192
0.297 0.0208792043955
0.298 0.020919704598
0.299 0.0209600047995
0.3 0.021000105
0.301 0.0210400051995
0.302 0.021079705398
0.303 0.0211192055955
0.304 0.021158505792
0.305 0.0211976059875
0.306 0.021236506182
0.307 0.0212752063755
0.308 0.021313706568
0.309 0.0213520067595
0.31 0.02139010695
0.311 0.0214280071395
0.312 0.021465707328
0.313 0.0215032075155
0.314 0.021540507702
0.315 0.0215776078875
0.316 0.021614508072
0.317 0.0216512082555
0.318 0.021687708438
0.319 0.0217240086195
0.32 0.0217601088
0.321 0.0217960089795
0.322 0.021831709158
0.323 0.0218672093355
0.324 0.021902509512
0.325 0.0219376096875
0.326 0.021972509862
0.327 0.0220072100355
0.328 0.022041710208
0.329 0.0220760103795
0.33 0.02211011055
0.331 0.0221440107195
0.332 0.022177710888
0.333 0.0222112110555
0.334 0.022244511222
0.335 0.0222776113875
0.336 0.022310511552
0.337 0.0223432117155
0.338 0.022375711878
0.339 0.0224080120395
0.34 0.0224401122
0.341 0.0224720123595
0.342 0.022503712518
0.343 0.0225352126755
0.344 0.022566512832
0.345 0.0225976129875
0.346 0.022628513142
0.347 0.0226592132955
0.348 0.022689713448
0.349 0.0227200135995
0.35 0.02275011375
0.351 0.0227800138995
0.352 0.022809714048
0.353 0.0228392141955
0.354 0.022868514342
0.355 0.0228976144875
0.356 0.022926514632
0.357 0.0229552147755
0.358 0.022983714918
0.359 0.0230120150595
0.36 0.0230401152
0.361 0.0230680153395
0.362 0.023095715478
0.363 0.0231232156155
0.364 0.023150515752
0.365 0.0231776158875
0.366 0.023204516022
0.367 0.0232312161555
0.368 0.023257716288
0.369 0.0232840164195
0.37 0.02331011655
0.371 0.0233360166795
0.372 0.023361716808
0.373 0.0233872169355
0.374 0.023412517062
0.375 0.0234376171875
0.376 0.023462517312
0.377 0.0234872174355
0.378 0.023511717558
0.379 0.0235360176795
0.38 0.0235601178
0.381 0.0235840179195
0.382 0.023607718038
0.383 0.0236312181555
0.384 0.023654518272
0.385 0.0236776183875
0.386 0.023700518502
0.387 0.0237232186155
0.388 0.023745718728
0.389 0.0237680188395
0.39 0.02379011895
0.391 0.0238120190595
0.392 0.023833719168
0.393 0.0238552192755
0.394 0.023876519382
0.395 0.0238976194875
0.396 0.023918519592
0.397 0.0239392196955
0.398 0.023959719798
0.399 0.0239800198995
0.4 0.02400012
0.401 0.0240200200995
0.402 0.024039720198
0.403 0.0240592202955
0.404 0.024078520392
0.405 0.0240976204875
0.406 0.024116520582
0.407 0.0241352206755
0.408 0.024153720768
0.409 0.0241720208595
0.41 0.02419012095
0.411 0.0242080210395
0.412 0.024225721128
0.413 0.0242432212155
0.414 0.024260521302
0.415 0.0242776213875
0.416 0.024294521472
0.417 0.0243112215555
0.418 0.024327721638
0.419 0.0243440217195
0.42 0.0243601218
0.421 0.0243760218795
0.422 0.024391721958
0.423 0.0244072220355
0.424 0.024422522112
0.425 0.0244376221875
0.426 0.024452522262
0.427 0.0244672223355
0.428 0.024481722408
0.429 0.0244960224795
0.43 0.02451012255
0.431 0.0245240226195
0.432 0.024537722688
0.433 0.0245512227555
0.434 0.024564522822
0.435 0.0245776228875
0.436 0.024590522952
0.437 0.0246032230155
0.438 0.024615723078
0.439 0.0246280231395
0.44 0.0246401232
0.441 0.0246520232595
0.442 0.024663723318
0.443 0.0246752233755
0.444 0.024686523432
0.445 0.0246976234875
0.446 0.024708523542
0.447 0.0247192235955
0.448 0.024729723648
0.449 0.0247400236995
0.45 0.02475012375
0.451 0.0247600237995
0.452 0.024769723848
0.453 0.0247792238955
0.454 0.024788523942
0.455 0.0247976239875
0.456 0.024806524032
0.457 0.0248152240755
0.458 0.024823724118
0.459 0.0248320241595
0.46 0.0248401242
0.461 0.0248480242395
0.462 0.024855724278
0.463 0.0248632243155
0.464 0.024870524352
0.465 0.0248776243875
0.466 0.024884524422
0.467 0.0248912244555
0.468 0.024897724488
0.469 0.0249040245195
0.47 0.02491012455
0.471 0.0249160245795
0.472 0.024921724608
0.473 0.0249272246355
0.474 0.024932524662
0.475 0.0249376246875
0.476 0.024942524712
0.477 0.0249472247355
0.478 0.024951724758
0.479 0.0249560247795
0.48 0.0249601248
0.481 0.0249640248195
0.482 0.024967724838
0.483 0.0249712248555
0.484 0.024974524872
0.485 0.0249776248875
0.486 0.024980524902
0.487 0.0249832249155
0.488 0.024985724928
0.489 0.0249880249395
0.49 0.02499012495
0.491 0.0249920249595
0.492 0.024993724968
0.493 0.0249952249755
0.494 0.024996524982
0.495 0.0249976249875
0.496 0.024998524992
0.497 0.0249992249955
0.498 0.024999724998
0.499 0.0250000249995
0.5 0.025000125
0.501 0.0250000249995
0.502 0.024999724998
0.503 0.0249992249955
0.504 0.024998524992
0.505 0.0249976249875
0.506 0.024996524982
0.507 0.0249952249755
0.508 0.024993724968
0.509 0.0249920249595
0.51 0.02499012495
0.511 0.0249880249395
0.512 0.024985724928
0.513 0.0249832249155
0.514 0.024980524902
0.515 0.0249776248875
0.516 0.024974524872
0.517 0.0249712248555
0.518 0.024967724838
0.519 0.0249640248195
0.52 0.0249601248
0.521 0.0249560247795
0.522 0.024951724758
0.523 0.0249472247355
0.524 0.024942524712
0.525 0.0249376246875
0.526 0.024932524662
0.527 0.0249272246355
0.528 0.024921724608
0.529 0.0249160245795
0.53 0.02491012455
0.531 0.0249040245195
0.532 0.024897724488
0.533 0.0248912244555
0.534 0.024884524422
0.535 0.0248776243875
0.536 0.024870524352
0.537 0.0248632243155
0.538 0.024855724278
0.539 0.0248480242395
0.54 0.0248401242
0.541 0.0248320241595
0.542 0.024823724118
0.543 0.0248152240755
0.544 0.024806524032
0.545 0.0247976239875
0.546 0.024788523942
0.547 0.0247792238955
0.548 0.024769723848
0.549 0.0247600237995
0.55 0.02475012375
0.551 0.0247400236995
0.552 0.024729723648
0.553 0.0247192235955
0.554 0.024708523542
0.555 0.0246976234875
0.556 0.024686523432
0.557 0.0246752233755
0.558 0.024663723318
0.559 0.0246520232595
0.56 0.0246401232
0.561 0.0246280231395
0.562 0.024615723078
0.563 0.0246032230155
0.564 0.024590522952
0.565 0.0245776228875
0.566 0.024564522822
0.567 0.0245512227555
0.568 0.024537722688
0.569 0.0245240226195
0.57 0.02451012255
0.571 0.0244960224795
0.572 0.024481722408
0.573 0.0244672223355
0.574 0.024452522262
0.575 0.0244376221875
0.576 0.024422522112
0.577 0.0244072220355
0.578 0.024391721958
0.579 0.0243760218795
0.58 0.0243601218
0.581 0.0243440217195
0.582 0.024327721638
0.583 0.0243112215555
0.584 0.024294521472
0.585 0.0242776213875
0.586 0.024260521302
0.587 0.0242432212155
0.588 0.024225721128
0.589 0.0242080210395
0.59 0.02419012095
0.591 0.0241720208595
0.592 0.024153720768
0.593 0.0241352206755
0.594 0.024116520582
0.595 0.0240976204875
0.596 0.024078520392
0.597 0.0240592202955
0.598 0.024039720198
0.599 0.0240200200995
0.6 0.02400012
0.601 0.0239800198995
0.602 0.023959719798
0.603 0.0239392196955
0.604 0.023918519592
0.605 0.0238976194875
0.606 0.023876519382
0.607 0.0238552192755
0.608 0.023833719168
0.609 0.0238120190595
0.61 0.02379011895
0.611 0.0237680188395
0.612 0.023745718728
0.613 0.0237232186155
0.614 0.023700518502
0.615 0.0236776183875
0.616 0.023654518272
0.617 0.0236312181555
0.618 0.023607718038
0.619 0.0235840179195
0.62 0.0235601178
0.621 0.0235360176795
0.622 0.023511717558
0.623 0.0234872174355
0.624 0.023462517312
0.625 0.0234376171875
0.626 0.023412517062
0.627 0.0233872169355
0.628 0.023361716808
0.629 0.0233360166795
0.63 0.02331011655
0.631 0.0232840164195
0.632 0.023257716288
0.633 0.0232312161555
0.634 0.023204516022
0.635 0.0231776158875
0.636 0.023150515752
0.637 0.0231232156155
0.638 0.023095715478
0.639 0.0230680153395
0.64 0.0230401152
0.641 0.0230120150595
0.642 0.022983714918
0.643 0.0229552147755
0.644 0.022926514632
0.645 0.0228976144875
0.646 0.022868514342
0.647 0.0228392141955
0.648 0.022809714048
0.649 0.0227800138995
0.65 0.02275011375
0.651 0.0227200135995
0.652 0.022689713448
0.653 0.0226592132955
0.654 0.022628513142
0.655 0.0225976129875
0.656 0.022566512832
0.657 0.0225352126755
0.658 0.022503712518
0.659 0.0224720123595
0.66 0.0224401122
0.661 0.0224080120395
0.662 0.022375711878
0.663 0.0223432117155
0.664 0.022310511552
0.665 0.0222776113875
0.666 0.022244511222
0.667 0.0222112110555
0.668 0.022177710888
0.669 0.0221440107195
0.67 0.02211011055
0.671 0.0220760103795
0.672 0.022041710208
0.673 0.0220072100355
0.674 0.021972509862
0.675 0.0219376096875
0.676 0.021902509512
0.677 0.0218672093355
0.678 0.021831709158
0.679 0.0217960089795
0.68 0.0217601088
0.681 0.0217240086195
0.682 0.021687708438
0.683 0.0216512082555
0.684 0.021614508072
0.685 0.0215776078875
0.686 0.021540507702
0.687 0.0215032075155
0.688 0.021465707328
0.689 0.0214280071395
0.69 0.02139010695
0.691 0.0213520067595
0.692 0.021313706568
0.693 0.0212752063755
0.694 0.021236506182
0.695 0.0211976059875
0.696 0.021158505792
0.697 0.0211192055955
0.698 0.021079705398
0.699 0.0210400051995
0.7 0.021000105
0.701 0.0209600047995
0.702 0.020919704598
0.703 0.0208792043955
0.704 0.020838504192
0.705 0.0207976039875
0.706 0.020756503782
0.707 0.0207152035755
0.708 0.020673703368
0.709 0.0206320031595
0.71 0.02059010295
0.711 0.0205480027395
0.712 0.020505702528
0.713 0.0204632023155
0.714 0.020420502102
0.715 0.0203776018875
0.716 0.020334501672
0.717 0.0202912014555
0.718 0.020247701238
0.719 0.0202040010195
0.72 0.0201601008
0.721 0.0201160005795
0.722 0.020071700358
0.723 0.0200272001355
0.724 0.019982499912
0.725 0.0199375996875
0.726 0.019892499462
0.727 0.0198471992355
0.728 0.019801699008
0.729 0.0197559987795
0.73 0.01971009855
0.731 0.0196639983195
0.732 0.019617698088
0.733 0.0195711978555
0.734 0.019524497622
0.735 0.0194775973875
0.736 0.019430497152
0.737 0.0193831969155
0.738 0.019335696678
0.739 0.0192879964395
0.74 0.0192400962
0.741 0.0191919959595
0.742 0.019143695718
0.743 0.0190951954755
0.744 0.019046495232
0.745 0.0189975949875
0.746 0.018948494742
0.747 0.0188991944955
0.748 0.018849694248
0.749 0.0187999939995
0.75 0.01875009375
0.751 0.0186999934995
0.752 0.018649693248
0.753 0.0185991929955
0.754 0.018548492742
0.755 0.0184975924875
0.756 0.018446492232
0.757 0.0183951919755
0.758 0.018343691718
0.759 0.0182919914595
0.76 0.0182400912
0.761 0.0181879909395
0.762 0.018135690678
0.763 0.0180831904155
0.764 0.018030490152
0.765 0.0179775898875
0.766 0.017924489622
0.767 0.0178711893555
0.768 0.017817689088
0.769 0.0177639888195
0.77 0.01771008855
0.771 0.0176559882795
0.772 0.017601688008
0.773 0.0175471877355
0.774 0.017492487462
0.775 0.0174375871875
0.776 0.017382486912
0.777 0.0173271866355
0.778 0.017271686358
0.779 0.0172159860795
0.78 0.0171600858
0.781 0.0171039855195
0.782 0.017047685238
0.783 0.0169911849555
0.784 0.016934484672
0.785 0.0168775843875
0.786 0.016820484102
0.787 0.0167631838155
0.788 0.016705683528
0.789 0.0166479832395
0.79 0.01659008295
0.791 0.0165319826595
0.792 0.016473682368
0.793 0.0164151820755
0.794 0.016356481782
0.795 0.0162975814875
0.796 0.016238481192
0.797 0.0161791808955
0.798 0.016119680598
0.799 0.0160599802995
0.8 0.01600008
0.801 0.0159399796995
0.802 0.015879679398
0.803 0.0158191790955
0.804 0.015758478792
0.805 0.0156975784875
0.806 0.015636478182
0.807 0.0155751778755
0.808 0.015513677568
0.809 0.0154519772595
0.81 0.01539007695
0.811 0.0153279766395
0.812 0.015265676328
0.813 0.0152031760155
0.814 0.015140475702
0.815 0.0150775753875
0.816 0.015014475072
0.817 0.0149511747555
0.818 0.014887674438
0.819 0.0148239741195
0.82 0.0147600738
0.821 0.0146959734795
0.822 0.014631673158
0.823 0.0145671728355
0.824 0.014502472512
0.825 0.0144375721875
0.826 0.014372471862
0.827 0.0143071715355
0.828 0.014241671208
0.829 0.0141759708795
0.83 0.01411007055
0.831 0.0140439702195
0.832 0.013977669888
0.833 0.0139111695555
0.834 0.013844469222
0.835 0.0137775688875
0.836 0.013710468552
0.837 0.0136431682155
0.838 0.013575667878
0.839 0.0135079675395
0.84 0.0134400672
0.841 0.0133719668595
0.842 0.013303666518
0.843 0.0132351661755
0.844 0.013166465832
0.845 0.0130975654875
0.846 0.013028465142
0.847 0.0129591647955
0.848 0.012889664448
0.849 0.0128199640995
0.85 0.01275006375
0.851 0.0126799633995
0.852 0.012609663048
0.853 0.0125391626955
0.854 0.012468462342
0.855 0.0123975619875
0.856 0.012326461632
0.857 0.0122551612755
0.858 0.012183660918
0.859 0.0121119605595
0.86 0.0120400602
0.861 0.0119679598395
0.862 0.011895659478
0.863 0.0118231591155
0.864 0.011750458752
0.865 0.0116775583875
0.866 0.011604458022
0.867 0.0115311576555
0.868 0.011457657288
0.869 0.0113839569195
0.87 0.01131005655
0.871 0.0112359561795
0.872 0.011161655808
0.873 0.0110871554355
0.874 0.011012455062
0.875 0.0109375546875
0.876 0.010862454312
0.877 0.0107871539355
0.878 0.010711653558
0.879 0.0106359531795
0.88 0.0105600528
0.881 0.0104839524195
0.882 0.010407652038
0.883 0.0103311516555
0.884 0.010254451272
0.885 0.0101775508875
0.886 0.010100450502
0.887 0.0100231501155
0.888 0.009945649728
0.889 0.0098679493395
0.89 0.00979004895
0.891 0.0097119485595
0.892 0.009633648168
0.893 0.0095551477755
0.894 0.009476447382
0.895 0.0093975469875
0.896 0.009318446592
0.897 0.0092391461955
0.898 0.009159645798
0.899 0.0090799453995
0.9 0.009000045
0.901 0.0089199445995
0.902 0.008839644198
0.903 0.0087591437955
0.904 0.008678443392
0.905 0.0085975429875
0.906 0.008516442582
0.907 0.0084351421755
0.908 0.008353641768
0.909 0.0082719413595
0.91 0.00819004095
0.911 0.0081079405395
0.912 0.008025640128
0.913 0.0079431397155
0.914 0.007860439302
0.915 0.0077775388875
0.916 0.007694438472
0.917 0.0076111380555
0.918 0.007527637638
0.919 0.0074439372195
0.92 0.0073600368
0.921 0.0072759363795
0.922 0.007191635958
0.923 0.0071071355355
0.924 0.007022435112
0.925 0.0069375346875
0.926 0.006852434262
0.927 0.0067671338355
0.928 0.006681633408
0.929 0.0065959329795
0.93 0.00651003255
0.931 0.0064239321195
0.932 0.006337631688
0.933 0.0062511312555
0.934 0.006164430822
0.935 0.0060775303875
0.936 0.005990429952
0.937 0.0059031295155
0.938 0.005815629078
0.939 0.0057279286395
0.94 0.0056400282
0.941 0.0055519277595
0.942 0.005463627318
0.943 0.0053751268755
0.944 0.005286426432
0.945 0.0051975259875
0.946 0.005108425542
0.947 0.0050191250955
0.948 0.004929624648
0.949 0.0048399241995
0.95 0.00475002375
0.951 0.0046599232995
0.952 0.004569622848
0.953 0.0044791223955
0.954 0.004388421942
0.955 0.0042975214875
0.956 0.004206421032
0.957 0.0041151205755
0.958 0.004023620118
0.959 0.0039319196595
0.96 0.0038400192
0.961 0.0037479187395
0.962 0.003655618278
0.963 0.0035631178155
0.964 0.003470417352
0.965 0.0033775168875
0.966 0.003284416422
0.967 0.0031911159555
0.968 0.003097615488
0.969 0.0030039150195
0.97 0.00291001455
0.971 0.0028159140795
0.972 0.002721613608
0.973 0.0026271131355
0.974 0.002532412662
0.975 0.0024375121875
0.976 0.002342411712
0.977 0.0022471112355
0.978 0.002151610758
0.979 0.0020559102795
0.98 0.0019600098
0.981 0.0018639093195
0.982 0.001767608838
0.983 0.0016711083555
0.984 0.001574407872
0.985 0.0014775073875
0.986 0.001380406902
0.987 0.0012831064155
0.988 0.001185605928
0.989 0.0010879054395
0.99 0.00099000495
0.991 0.0008919044595
0.992 0.000793603968
0.993 0.0006951034755
0.994 0.000596402982
0.995 0.0004975024875
0.996 0.000398401992
0.997 0.0002991014955
0.998 0.000199600998
0.999 9.99004995e-05
1 0
